13333_2021.12_0006_55977222.png 1 1 0 0
13333_2021.12_0006_55977215.png 1 0 0 0
13333_2021.12_0006_55977214.png 1 0 0 0
13333_2021.01_0003_41583338.png 1 1 1 0
13333_2021.01_0003_41331736.png 1 1 1 0
13333_2021.01_0003_41332452.png 0 1 0 0
13333_2021.01_0003_41332454.png 0 1 0 0
13333_2021.01_0003_41583112.png 0 1 0 0
13333_2021.01_0003_41583339.png 0 1 1 0
13333_2021.01_0003_41583135.png 0 1 0 0
13333_2021.01_0003_41332459.png 0 1 0 0
13333_2021.01_0003_41332451.png 0 1 1 0
13333_2021.01_0003_41583318.png 0 0 1 0
13333_2021.01_0003_41583307.png 0 0 1 0
13333_2021.01_0003_41583338.png 1 1 1 0
13333_2021.01_0003_41332455.png 0 0 1 0
13333_2021.01_0003_41331736.png 1 1 1 0
13333_2021.01_0003_41332083.png 0 0 1 0
13333_2021.01_0003_41583237.png 0 0 1 0
13333_2021.01_0003_41332150.png 0 0 1 0
13333_2021.01_0003_41583369.png 1 0 1 0
13333_2021.01_0003_41332453.png 0 0 1 0
13333_2021.01_0003_41583339.png 0 1 1 0
13333_2021.01_0003_41332457.png 0 0 1 0
13333_2021.01_0003_41332458.png 0 0 1 0
13333_2021.01_0003_41332451.png 0 1 1 0
13333_2021.01_0003_41583134.png 1 0 1 0
13333_2021.12_0009_56515487.png 0 0 0 1
