13333_2021.12_0009_56514302.png 1 1 0 0
13333_2021.07_0003_49851443.png 1 0 0 0
13333_2021.07_0003_49851447.png 1 0 0 0
13333_2021.07_0003_49851445.png 1 0 0 0
13333_2021.07_0003_49851370.png 1 0 0 0
13333_2021.07_0003_49851474.png 1 0 0 0
13333_2021.09_0003_51743351.png 1 0 0 0
13333_2021.09_0003_51743353.png 1 1 0 0
13333_2021.09_0003_51743225.png 1 0 0 0
13333_2021.09_0001_51688951.png 1 0 0 1
13333_2021.09_0001_51688953.png 1 0 0 1
13333_2021.09_0001_51689179.png 1 0 0 1
13333_2021.09_0001_51688957.png 1 0 0 1
13333_2021.09_0001_51689688.png 1 0 0 1
13333_2021.09_0001_51689168.png 1 0 0 0
13333_2021.09_0001_51689166.png 1 0 0 0
13333_2021.09_0001_51689649.png 1 0 0 1
13333_2021.09_0001_51689916.png 1 1 0 0
13333_2021.09_0001_51689673.png 1 0 0 1
13333_2021.09_0001_51688586.png 1 0 1 0
13333_2021.09_0001_51689173.png 1 0 0 0
13333_2021.09_0001_51689919.png 1 0 1 0
13333_2021.09_0001_51689646.png 1 0 0 1
13333_2021.09_0001_51689172.png 1 0 0 0
13333_2021.09_0001_51688933.png 1 0 0 1
13333_2021.09_0001_51688576.png 1 0 0 0
13333_2021.09_0001_51688580.png 1 0 0 0
13333_2021.09_0001_51688931.png 1 0 0 1
13333_2021.09_0001_51688936.png 1 0 0 1
13333_2021.09_0001_51688954.png 1 0 0 1
13333_2021.09_0001_51689171.png 1 0 0 0
13333_2021.09_0001_51688952.png 1 0 0 1
13333_2021.09_0001_51688937.png 1 0 0 1
13333_2021.09_0001_51688932.png 1 0 0 1
13333_2021.09_0001_51689170.png 1 0 0 0
13333_2021.09_0001_51688935.png 1 0 0 1
13333_2021.09_0001_51688956.png 1 0 0 1
13333_2021.09_0001_51688958.png 1 0 0 1
13333_2021.09_0001_51688949.png 1 0 0 1
13333_2021.09_0001_51688583.png 1 0 1 0
13333_2021.09_0001_51689175.png 1 0 0 0
13333_2021.09_0001_51688950.png 1 0 0 1
13333_2021.09_0001_51689169.png 1 0 0 0
13333_2021.09_0001_51688959.png 1 0 0 1
13333_2021.09_0001_51689658.png 1 0 0 1
13333_2021.09_0001_51688948.png 1 0 0 1
13333_2021.09_0001_51689167.png 1 0 1 0
13333_2021.09_0001_51688955.png 1 0 0 1
13333_2021.03_0002_42874428.png 1 0 1 0
13333_2021.03_0002_42874780.png 1 0 0 0
13333_2021.03_0002_42874618.png 1 0 0 0
13333_2021.03_0002_42874645.png 1 0 0 0
13333_2021.03_0002_42874601.png 1 1 0 0
13333_2021.03_0002_42874062.png 1 1 0 0
13333_2021.03_0002_42874632.png 1 0 1 0
13333_2021.03_0002_42874087.png 1 1 0 0
13333_2021.03_0002_42874016.png 1 1 1 0
13333_2021.03_0002_42874073.png 1 1 0 0
13333_2021.03_0002_42874429.png 1 0 1 0
13333_2021.03_0002_42874591.png 1 0 0 0
13333_2021.03_0002_42874729.png 1 0 0 0
13333_2021.03_0002_42874028.png 1 1 0 0
13333_2021.03_0002_42874634.png 1 0 0 0
13333_2021.03_0002_42874173.png 1 1 0 0
13333_2021.03_0002_42874631.png 1 0 0 0
13333_2021.03_0002_42874665.png 1 0 0 0
13333_2021.03_0002_42874650.png 1 0 0 0
13333_2021.12_0006_55977222.png 1 1 0 0
13333_2021.12_0006_55977210.png 0 1 0 0
13333_2021.12_0006_55977223.png 0 1 0 0
13333_2021.12_0006_55977207.png 0 1 0 0
13333_2021.12_0006_55977220.png 0 1 0 0
13333_2021.12_0006_55977219.png 0 1 0 0
13333_2021.12_0006_55977217.png 0 1 0 0
13333_2021.12_0006_55977221.png 0 1 0 0
13333_2021.12_0006_55977211.png 0 1 0 0
13333_2021.12_0006_55977205.png 0 1 0 0
13333_2021.09_0003_51743350.png 0 1 0 0
13333_2021.09_0003_51743353.png 1 1 0 0
13333_2021.09_0003_51743343.png 0 1 0 0
13333_2021.09_0003_51743348.png 0 1 0 0
13333_2021.09_0003_51743331.png 0 1 1 0
13333_2021.01_0004_41724070.png 0 1 0 0
13333_2021.01_0004_41723550.png 0 1 0 0
13333_2021.01_0004_41723783.png 0 1 0 0
13333_2021.01_0004_41723893.png 0 1 0 0
13333_2021.01_0004_41723918.png 0 1 0 0
13333_2021.01_0004_41724033.png 0 1 0 0
13333_2021.01_0004_41724582.png 0 1 0 0
13333_2021.01_0000_41224567.png 0 1 1 0
13333_2021.01_0000_41225642.png 0 1 0 0
13333_2021.01_0000_41224354.png 0 1 0 0
13333_2021.01_0000_41224069.png 0 1 0 0
13333_2021.01_0000_41225574.png 0 1 1 0
13333_2021.01_0000_41224861.png 0 1 1 0
13333_2021.01_0000_41224367.png 0 1 0 0
13333_2021.10_0001_53186746.png 0 1 0 0
13333_2021.10_0001_53188327.png 0 1 0 0
13333_2021.10_0001_53187692.png 0 1 0 0
13333_2021.10_0001_53187701.png 0 1 0 0
13333_2021.10_0001_53186761.png 0 1 0 0
13333_2021.10_0001_53187988.png 1 1 0 0
13333_2021.10_0001_53186919.png 0 1 0 0
13333_2021.10_0001_53187661.png 0 1 0 0
13333_2021.10_0001_53188323.png 0 1 0 1
13333_2021.10_0001_53187719.png 0 1 0 0
13333_2021.10_0001_53186763.png 0 1 0 0
13333_2021.10_0001_53188324.png 0 1 0 1
13333_2021.10_0001_53186750.png 0 1 0 0
13333_2021.10_0001_53187993.png 1 1 0 0
13333_2021.10_0001_53187924.png 1 1 0 0
13333_2021.10_0001_53187796.png 0 1 0 0
13333_2021.11_0002_54971654.png 0 0 1 0
13333_2021.11_0002_54970660.png 0 0 1 0
13333_2021.11_0002_54971664.png 0 0 1 0
13333_2021.11_0002_54971837.png 0 0 1 0
13333_2021.07_0000_50128464.png 1 1 1 0
13333_2021.07_0000_50128467.png 1 1 1 0
13333_2021.07_0000_50128451.png 1 1 1 0
13333_2021.07_0000_50128452.png 1 0 1 0
13333_2021.07_0000_50128455.png 1 1 1 0
13333_2021.09_0004_52719674.png 0 0 1 0
13333_2021.09_0004_52719508.png 0 0 1 0
13333_2021.09_0004_52719617.png 0 0 1 0
13333_2021.09_0004_52720500.png 0 0 1 0
13333_2021.09_0005_52292530.png 1 1 1 0
13333_2021.09_0005_52292442.png 1 0 1 0
13333_2021.09_0005_52291469.png 1 1 1 0
13333_2021.09_0005_52292521.png 1 1 1 0
13333_2021.09_0005_52292695.png 1 0 1 0
13333_2021.09_0005_52292083.png 1 0 1 0
13333_2021.09_0005_52293095.png 1 0 1 0
13333_2021.08_0007_51346048.png 0 0 1 1
13333_2021.08_0007_51345236.png 0 1 1 0
13333_2021.08_0007_50950824.png 0 0 1 1
13333_2021.08_0007_51346424.png 1 0 1 0
13333_2021.08_0007_50955025.png 0 0 1 0
13333_2021.08_0007_50951398.png 0 1 1 0
13333_2021.08_0007_51346049.png 0 0 1 1
13333_2021.08_0007_50953156.png 0 0 1 0
13333_2021.08_0007_51342969.png 0 1 1 0
13333_2021.08_0007_51342960.png 0 1 1 0
13333_2021.08_0007_50953340.png 0 0 1 0
13333_2021.08_0007_51346052.png 0 0 1 1
13333_2021.08_0007_50951400.png 0 0 1 0
13333_2021.08_0007_51346099.png 0 0 1 1
13333_2021.08_0007_51342586.png 0 0 1 0
13333_2021.08_0007_50953537.png 0 0 1 0
13333_2021.08_0007_51342947.png 0 0 1 0
13333_2021.08_0007_50950777.png 0 0 1 0
13333_2021.08_0007_51341839.png 0 0 1 0
13333_2021.08_0007_50953118.png 0 0 1 0
13333_2021.08_0007_51343297.png 0 0 1 0
13333_2021.08_0007_50953515.png 0 1 1 0
13333_2021.08_0007_51344971.png 0 0 1 0
13333_2021.08_0007_51342929.png 0 0 1 0
13333_2021.08_0007_50953344.png 0 0 1 0
13333_2021.08_0007_51345153.png 0 0 1 0
13333_2021.08_0007_51341842.png 0 0 1 0
13333_2021.08_0007_51341880.png 0 0 1 0
13333_2021.08_0007_50955028.png 0 0 1 0
13333_2021.08_0007_50953469.png 0 0 1 0
13333_2021.08_0007_51342950.png 0 1 1 0
13333_2021.08_0007_50954576.png 0 1 1 0
13333_2021.08_0007_51342211.png 0 0 1 0
13333_2021.08_0007_50954371.png 0 1 1 0
13333_2021.08_0007_51341619.png 0 0 1 0
13333_2021.08_0007_50951396.png 0 0 1 0
13333_2021.08_0007_51343705.png 0 0 1 0
13333_2021.08_0007_50955104.png 0 0 1 0
13333_2021.08_0007_51342924.png 0 0 1 0
13333_2021.08_0007_51341580.png 0 0 1 0
13333_2021.08_0007_51342964.png 0 1 1 0
13333_2021.08_0007_51343709.png 0 0 1 0
13333_2021.08_0007_51343398.png 0 0 1 0
13333_2021.11_0002_54971866.png 1 0 0 1
13333_2021.12_0007_57297486.png 1 0 0 1
13333_2021.12_0007_57297468.png 1 1 1 1
13333_2021.12_0007_57297457.png 1 1 0 1
13333_2021.12_0007_57297477.png 1 0 0 1
13333_2021.12_0007_57297466.png 0 1 1 1
13333_2021.12_0007_57297475.png 0 1 1 1
13333_2021.12_0007_57297483.png 1 0 0 1
13333_2021.12_0007_57297448.png 1 0 0 1
13333_2021.12_0007_57297459.png 1 0 0 1
13333_2021.12_0007_57297470.png 1 1 0 1
13333_2021.12_0007_57297461.png 1 0 0 1
13333_2021.12_0007_57297450.png 1 0 0 1
13333_2021.12_0007_57297490.png 1 0 0 1
13333_2021.12_0007_57297481.png 1 0 0 1
13333_2021.12_0007_57297479.png 1 0 0 1
13333_2021.12_0007_57297455.png 1 0 0 1
13333_2021.12_0007_57297472.png 0 1 0 1
13333_2021.08_0007_51346048.png 0 0 1 1
13333_2021.08_0007_50950824.png 0 0 1 1
13333_2021.08_0007_51346049.png 0 0 1 1
13333_2021.08_0007_51346052.png 0 0 1 1
13333_2021.08_0007_51345995.png 0 0 0 1
13333_2021.08_0007_51346099.png 0 0 1 1
13333_2021.08_0007_51346335.png 0 0 0 1
13333_2021.08_0007_51345996.png 0 1 0 1
13333_2021.08_0007_51345994.png 0 0 0 1
13333_2021.08_0007_51345997.png 0 1 0 1
13333_2021.01_0005_41459046.png 0 0 0 1
13333_2021.01_0005_41459076.png 0 0 0 1
13333_2021.01_0005_41459039.png 0 0 0 1
13333_2021.01_0005_41459041.png 0 0 0 1
13333_2021.01_0005_41459000.png 0 0 0 1
13333_2021.01_0005_41459038.png 0 0 0 1
13333_2021.01_0005_41459043.png 0 0 0 1
13333_2021.01_0005_41459066.png 0 0 0 1
13333_2021.01_0005_41459042.png 0 0 1 1
13333_2021.01_0005_41459032.png 0 0 0 1
13333_2021.01_0005_41459035.png 0 0 0 1
13333_2021.06_0000_48586898.png 0 0 0 1
