13333_2021.12_0007_57297497.png 1 0 0 0
13333_2021.12_0007_57297486.png 1 0 0 1
13333_2021.12_0007_57297492.png 1 0 0 0
13333_2021.12_0007_57297415.png 1 0 0 0
13333_2021.12_0007_57297468.png 1 1 1 1
13333_2021.12_0007_57297457.png 1 1 0 1
13333_2021.12_0007_57297453.png 1 0 0 0
13333_2021.12_0007_57297464.png 1 1 1 0
13333_2021.12_0007_57297413.png 1 0 0 0
13333_2021.12_0007_57297477.png 1 0 0 1
13333_2021.12_0007_57297426.png 1 0 0 0
13333_2021.12_0007_57297483.png 1 0 0 1
13333_2021.12_0007_57297412.png 1 0 0 0
13333_2021.12_0007_57297444.png 1 0 0 0
13333_2021.12_0007_57297439.png 1 1 0 0
13333_2021.12_0007_57297526.png 1 1 1 0
13333_2021.12_0007_57297435.png 1 1 0 0
13333_2021.12_0007_57297417.png 1 0 0 0
13333_2021.12_0007_57297428.png 1 0 0 0
13333_2021.12_0007_57297448.png 1 0 0 1
13333_2021.12_0007_57297459.png 1 0 0 1
13333_2021.12_0007_57297470.png 1 1 0 1
13333_2021.12_0007_57297510.png 1 0 0 0
13333_2021.12_0007_57297488.png 1 1 0 0
13333_2021.12_0007_57297433.png 1 1 1 0
13333_2021.12_0007_57297512.png 1 0 0 0
13333_2021.12_0007_57297461.png 1 0 0 1
13333_2021.12_0007_57297450.png 1 0 0 1
13333_2021.12_0007_57297424.png 1 0 0 0
13333_2021.12_0007_57297490.png 1 0 0 1
13333_2021.12_0007_57297481.png 1 0 0 1
13333_2021.12_0007_57297430.png 1 1 1 0
13333_2021.12_0007_57297479.png 1 0 0 1
13333_2021.12_0007_57297419.png 1 0 0 0
13333_2021.12_0007_57297422.png 1 0 0 0
13333_2021.12_0007_57297441.png 1 0 0 0
13333_2021.12_0007_57297455.png 1 0 0 1
13333_2021.12_0007_57297437.png 1 1 0 0
13333_2021.12_0009_56514302.png 1 1 0 0
13333_2021.09_0002_51747303.png 1 1 0 0
13333_2021.09_0002_51747301.png 1 1 1 0
13333_2021.09_0002_51747297.png 1 0 1 1
13333_2021.09_0002_51747300.png 1 1 0 0
13333_2021.09_0002_51747299.png 1 0 1 0
13333_2021.09_0002_51747302.png 1 1 0 0
13333_2021.08_0007_51343719.png 1 1 0 0
13333_2021.08_0007_51346424.png 1 0 1 0
13333_2021.08_0007_51346425.png 1 0 0 0
13333_2021.08_0007_51345154.png 1 1 0 0
13333_2021.08_0007_51346427.png 1 0 0 0
13333_2021.08_0007_51343714.png 1 1 0 0
13333_2021.08_0007_51343198.png 1 1 0 0
13333_2021.08_0007_51343717.png 1 1 0 0
13333_2021.08_0007_50953037.png 1 0 0 0
13333_2021.08_0007_51342973.png 1 0 0 0
13333_2021.08_0007_50955126.png 1 0 0 0
13333_2021.08_0007_51343722.png 1 0 0 0
13333_2021.08_0007_51343711.png 1 1 0 0
13333_2021.08_0007_51340501.png 1 0 0 0
13333_2021.01_0000_41224617.png 1 0 1 0
13333_2021.01_0000_41223967.png 1 0 0 0
13333_2021.01_0000_41224708.png 1 0 1 0
13333_2021.12_0006_55977222.png 1 1 0 0
13333_2021.12_0006_55977210.png 0 1 0 0
13333_2021.12_0006_55977223.png 0 1 0 0
13333_2021.12_0006_55977207.png 0 1 0 0
13333_2021.12_0006_55977220.png 0 1 0 0
13333_2021.12_0006_55977219.png 0 1 0 0
13333_2021.12_0006_55977217.png 0 1 0 0
13333_2021.12_0006_55977221.png 0 1 0 0
13333_2021.12_0006_55977211.png 0 1 0 0
13333_2021.12_0006_55977205.png 0 1 0 0
13333_2021.12_0009_56515469.png 0 1 1 0
13333_2021.12_0009_56515337.png 0 1 1 0
13333_2021.12_0009_56514302.png 1 1 0 0
13333_2021.12_0009_56515464.png 0 1 0 0
13333_2021.12_0009_56515481.png 0 1 1 0
13333_2021.07_0000_50128464.png 1 1 1 0
13333_2021.07_0000_50128467.png 1 1 1 0
13333_2021.07_0000_50128451.png 1 1 1 0
13333_2021.07_0000_50128455.png 1 1 1 0
13333_2021.01_0000_41224567.png 0 1 1 0
13333_2021.01_0000_41225642.png 0 1 0 0
13333_2021.01_0000_41224354.png 0 1 0 0
13333_2021.01_0000_41224069.png 0 1 0 0
13333_2021.01_0000_41225574.png 0 1 1 0
13333_2021.01_0000_41224861.png 0 1 1 0
13333_2021.01_0000_41224367.png 0 1 0 0
13333_2021.06_0000_48587447.png 0 1 0 0
13333_2021.06_0000_48586815.png 0 1 0 0
13333_2021.06_0000_48586793.png 0 1 0 0
13333_2021.06_0000_48586851.png 0 1 0 0
13333_2021.09_0002_51747301.png 1 1 1 0
13333_2021.09_0002_51747297.png 1 0 1 1
13333_2021.09_0002_51747299.png 1 0 1 0
13333_2021.09_0002_51747298.png 0 1 1 0
13333_2021.09_0004_52719674.png 0 0 1 0
13333_2021.09_0004_52719508.png 0 0 1 0
13333_2021.09_0004_52719617.png 0 0 1 0
13333_2021.09_0004_52720500.png 0 0 1 0
13333_2021.08_0004_51381059.png 1 1 1 0
13333_2021.01_0000_41224567.png 0 1 1 0
13333_2021.01_0000_41224617.png 1 0 1 0
13333_2021.01_0000_41224395.png 0 0 1 0
13333_2021.01_0000_41225574.png 0 1 1 0
13333_2021.01_0000_41224708.png 1 0 1 0
13333_2021.01_0000_41224861.png 0 1 1 0
13333_2021.01_0000_41224097.png 0 0 1 0
13333_2021.06_0000_48587044.png 0 0 1 0
13333_2021.06_0000_48586752.png 0 0 1 0
13333_2021.06_0000_48586737.png 0 0 1 0
13333_2021.11_0002_54971866.png 1 0 0 1
13333_2021.12_0007_57297486.png 1 0 0 1
13333_2021.12_0007_57297468.png 1 1 1 1
13333_2021.12_0007_57297457.png 1 1 0 1
13333_2021.12_0007_57297477.png 1 0 0 1
13333_2021.12_0007_57297466.png 0 1 1 1
13333_2021.12_0007_57297475.png 0 1 1 1
13333_2021.12_0007_57297483.png 1 0 0 1
13333_2021.12_0007_57297448.png 1 0 0 1
13333_2021.12_0007_57297459.png 1 0 0 1
13333_2021.12_0007_57297470.png 1 1 0 1
13333_2021.12_0007_57297461.png 1 0 0 1
13333_2021.12_0007_57297450.png 1 0 0 1
13333_2021.12_0007_57297490.png 1 0 0 1
13333_2021.12_0007_57297481.png 1 0 0 1
13333_2021.12_0007_57297479.png 1 0 0 1
13333_2021.12_0007_57297455.png 1 0 0 1
13333_2021.12_0007_57297472.png 0 1 0 1
13333_2021.09_0002_51747297.png 1 0 1 1
13333_2021.08_0007_51346048.png 0 0 1 1
13333_2021.08_0007_50950824.png 0 0 1 1
13333_2021.08_0007_51346049.png 0 0 1 1
13333_2021.08_0007_51346052.png 0 0 1 1
13333_2021.08_0007_51345995.png 0 0 0 1
13333_2021.08_0007_51346099.png 0 0 1 1
13333_2021.08_0007_51346335.png 0 0 0 1
13333_2021.08_0007_51345996.png 0 1 0 1
13333_2021.08_0007_51345994.png 0 0 0 1
13333_2021.08_0007_51345997.png 0 1 0 1
13333_2021.01_0005_41459046.png 0 0 0 1
13333_2021.01_0005_41459076.png 0 0 0 1
13333_2021.01_0005_41459039.png 0 0 0 1
13333_2021.01_0005_41459041.png 0 0 0 1
13333_2021.01_0005_41459000.png 0 0 0 1
13333_2021.01_0005_41459038.png 0 0 0 1
13333_2021.01_0005_41459043.png 0 0 0 1
13333_2021.01_0005_41459066.png 0 0 0 1
13333_2021.01_0005_41459042.png 0 0 1 1
13333_2021.01_0005_41459032.png 0 0 0 1
13333_2021.01_0005_41459035.png 0 0 0 1
