13333_2021.12_0009_56514302.png 1 1 0 0
13333_2021.09_0003_51743351.png 1 0 0 0
13333_2021.09_0003_51743353.png 1 1 0 0
13333_2021.09_0003_51743225.png 1 0 0 0
13333_2021.01_0003_41332353.png 1 0 0 0
13333_2021.01_0003_41583338.png 1 1 1 0
13333_2021.01_0003_41331736.png 1 1 1 0
13333_2021.01_0003_41583369.png 1 0 1 0
13333_2021.01_0003_41332418.png 1 0 0 0
13333_2021.01_0003_41583134.png 1 0 1 0
13333_2021.01_0005_41459203.png 1 0 0 0
13333_2021.04_0000_44779395.png 1 0 0 0
13333_2021.04_0000_44779422.png 1 0 0 0
13333_2021.04_0000_44779320.png 1 0 0 0
13333_2021.04_0000_44777725.png 1 0 0 0
13333_2021.04_0000_44777751.png 1 0 0 0
13333_2021.04_0000_44779319.png 1 0 0 0
13333_2021.12_0009_56515469.png 0 1 1 0
13333_2021.12_0009_56515337.png 0 1 1 0
13333_2021.12_0009_56514302.png 1 1 0 0
13333_2021.12_0009_56515464.png 0 1 0 0
13333_2021.12_0009_56515481.png 0 1 1 0
13333_2021.09_0001_51689916.png 1 1 0 0
13333_2021.09_0001_51689914.png 0 1 1 0
13333_2021.09_0001_51689915.png 0 1 0 0
13333_2021.01_0004_41724070.png 0 1 0 0
13333_2021.01_0004_41723550.png 0 1 0 0
13333_2021.01_0004_41723783.png 0 1 0 0
13333_2021.01_0004_41723893.png 0 1 0 0
13333_2021.01_0004_41723918.png 0 1 0 0
13333_2021.01_0004_41724033.png 0 1 0 0
13333_2021.01_0004_41724582.png 0 1 0 0
13333_2021.03_0002_42874388.png 0 1 1 0
13333_2021.03_0002_42874498.png 0 1 0 0
13333_2021.03_0002_42874496.png 0 1 0 0
13333_2021.03_0002_42874601.png 1 1 0 0
13333_2021.03_0002_42874062.png 1 1 0 0
13333_2021.03_0002_42874063.png 0 1 0 0
13333_2021.03_0002_42874087.png 1 1 0 0
13333_2021.03_0002_42874284.png 0 1 0 0
13333_2021.03_0002_42874016.png 1 1 1 0
13333_2021.03_0002_42874073.png 1 1 0 0
13333_2021.03_0002_42874571.png 0 1 0 0
13333_2021.03_0002_42874112.png 0 1 0 0
13333_2021.03_0002_42874082.png 0 1 0 0
13333_2021.03_0002_42874022.png 0 1 0 0
13333_2021.03_0002_42874298.png 0 1 0 0
13333_2021.03_0002_42874342.png 0 1 0 0
13333_2021.03_0002_42874297.png 0 1 0 0
13333_2021.03_0002_42874572.png 0 1 0 0
13333_2021.03_0002_42874558.png 0 1 0 0
13333_2021.03_0002_42874544.png 0 1 0 0
13333_2021.03_0002_42874326.png 0 1 1 0
13333_2021.03_0002_42874503.png 0 1 0 0
13333_2021.03_0002_42874461.png 0 1 0 0
13333_2021.03_0002_42874344.png 0 1 1 0
13333_2021.03_0002_42874028.png 1 1 0 0
13333_2021.03_0002_42874398.png 0 1 1 0
13333_2021.03_0002_42874173.png 1 1 0 0
13333_2021.03_0002_42874611.png 0 1 0 0
13333_2021.03_0002_42874287.png 0 1 0 0
13333_2021.03_0002_42874502.png 0 1 0 0
13333_2021.03_0002_42874504.png 0 1 0 0
13333_2021.03_0002_42874327.png 0 1 1 0
13333_2021.03_0002_42874568.png 0 1 0 0
13333_2021.03_0002_42874501.png 0 1 0 0
13333_2021.04_0003_44800992.png 0 1 0 0
13333_2021.04_0003_44800995.png 0 1 0 0
13333_2021.04_0003_44800997.png 0 1 0 0
13333_2021.04_0003_44800999.png 0 1 0 0
13333_2021.12_0007_57297515.png 0 0 1 0
13333_2021.12_0007_57297468.png 1 1 1 1
13333_2021.12_0007_57297464.png 1 1 1 0
13333_2021.12_0007_57297466.png 0 1 1 1
13333_2021.12_0007_57297475.png 0 1 1 1
13333_2021.12_0007_57297526.png 1 1 1 0
13333_2021.12_0007_57297433.png 1 1 1 0
13333_2021.12_0007_57297430.png 1 1 1 0
13333_2021.12_0007_57297524.png 0 0 1 0
13333_2021.09_0002_51747301.png 1 1 1 0
13333_2021.09_0002_51747297.png 1 0 1 1
13333_2021.09_0002_51747299.png 1 0 1 0
13333_2021.09_0002_51747298.png 0 1 1 0
13333_2021.01_0004_41724422.png 0 0 1 0
13333_2021.06_0000_48587044.png 0 0 1 0
13333_2021.06_0000_48586752.png 0 0 1 0
13333_2021.06_0000_48586737.png 0 0 1 0
13333_2021.04_0000_44779602.png 0 0 1 0
13333_2021.11_0002_54971866.png 1 0 0 1
13333_2021.12_0007_57297486.png 1 0 0 1
13333_2021.12_0007_57297468.png 1 1 1 1
13333_2021.12_0007_57297457.png 1 1 0 1
13333_2021.12_0007_57297477.png 1 0 0 1
13333_2021.12_0007_57297466.png 0 1 1 1
13333_2021.12_0007_57297475.png 0 1 1 1
13333_2021.12_0007_57297483.png 1 0 0 1
13333_2021.12_0007_57297448.png 1 0 0 1
13333_2021.12_0007_57297459.png 1 0 0 1
13333_2021.12_0007_57297470.png 1 1 0 1
13333_2021.12_0007_57297461.png 1 0 0 1
13333_2021.12_0007_57297450.png 1 0 0 1
13333_2021.12_0007_57297490.png 1 0 0 1
13333_2021.12_0007_57297481.png 1 0 0 1
13333_2021.12_0007_57297479.png 1 0 0 1
13333_2021.12_0007_57297455.png 1 0 0 1
13333_2021.12_0007_57297472.png 0 1 0 1
13333_2021.09_0001_51688951.png 1 0 0 1
13333_2021.09_0001_51688686.png 0 0 1 1
13333_2021.09_0001_51688679.png 0 0 1 1
13333_2021.09_0001_51688680.png 0 0 0 1
13333_2021.09_0001_51688677.png 0 0 1 1
13333_2021.09_0001_51688953.png 1 0 0 1
13333_2021.09_0001_51689179.png 1 0 0 1
13333_2021.09_0001_51688957.png 1 0 0 1
13333_2021.09_0001_51688927.png 0 0 0 1
13333_2021.09_0001_51689688.png 1 0 0 1
13333_2021.09_0001_51689649.png 1 0 0 1
13333_2021.09_0001_51688919.png 0 0 0 1
13333_2021.09_0001_51688961.png 0 0 0 1
13333_2021.09_0001_51688676.png 0 0 1 1
13333_2021.09_0001_51688920.png 0 0 0 1
13333_2021.09_0001_51688913.png 0 0 0 1
13333_2021.09_0001_51688916.png 0 0 0 1
13333_2021.09_0001_51689673.png 1 0 0 1
13333_2021.09_0001_51688684.png 0 0 1 1
13333_2021.09_0001_51688929.png 0 0 0 1
13333_2021.09_0001_51688673.png 0 0 0 1
13333_2021.09_0001_51688917.png 0 0 0 1
13333_2021.09_0001_51688685.png 0 0 0 1
13333_2021.09_0001_51689646.png 1 0 0 1
13333_2021.09_0001_51688926.png 0 0 0 1
13333_2021.09_0001_51688921.png 0 0 0 1
13333_2021.09_0001_51688678.png 0 0 1 1
13333_2021.09_0001_51688933.png 1 0 0 1
13333_2021.09_0001_51688934.png 0 0 0 1
13333_2021.09_0001_51688930.png 0 0 0 1
13333_2021.09_0001_51688928.png 0 0 0 1
13333_2021.09_0001_51688931.png 1 0 0 1
13333_2021.09_0001_51688936.png 1 0 0 1
13333_2021.09_0001_51688954.png 1 0 0 1
13333_2021.09_0001_51688952.png 1 0 0 1
13333_2021.09_0001_51688937.png 1 0 0 1
13333_2021.09_0001_51688670.png 0 0 0 1
13333_2021.09_0001_51688932.png 1 0 0 1
13333_2021.09_0001_51688674.png 0 0 0 1
13333_2021.09_0001_51688918.png 0 0 0 1
13333_2021.09_0001_51688881.png 0 0 0 1
13333_2021.09_0001_51688935.png 1 0 0 1
13333_2021.09_0001_51688956.png 1 0 0 1
13333_2021.09_0001_51688958.png 1 0 0 1
13333_2021.09_0001_51688687.png 0 0 1 1
13333_2021.09_0001_51688682.png 0 0 0 1
13333_2021.09_0001_51688949.png 1 0 0 1
13333_2021.09_0001_51688950.png 1 0 0 1
13333_2021.09_0001_51688959.png 1 0 0 1
13333_2021.09_0001_51689658.png 1 0 0 1
13333_2021.09_0001_51688672.png 0 0 0 1
13333_2021.09_0001_51688688.png 0 0 1 1
13333_2021.09_0001_51688681.png 0 0 1 1
13333_2021.09_0001_51688948.png 1 0 0 1
13333_2021.09_0001_51688675.png 0 0 1 1
13333_2021.09_0001_51688923.png 0 0 0 1
13333_2021.09_0001_51688924.png 0 0 0 1
13333_2021.09_0001_51689912.png 0 0 0 1
13333_2021.09_0001_51688925.png 0 0 0 1
13333_2021.09_0001_51688955.png 1 0 0 1
13333_2021.09_0001_51688669.png 0 0 0 1
13333_2021.09_0001_51688683.png 0 0 1 1
13333_2021.06_0000_48586898.png 0 0 0 1
13333_2021.10_0001_53188323.png 0 1 0 1
13333_2021.10_0001_53188324.png 0 1 0 1
