13333_2021.11_0002_54971866.png 1 0 0 1
13333_2021.07_0003_49851443.png 1 0 0 0
13333_2021.07_0003_49851447.png 1 0 0 0
13333_2021.07_0003_49851445.png 1 0 0 0
13333_2021.07_0003_49851370.png 1 0 0 0
13333_2021.07_0003_49851474.png 1 0 0 0
13333_2021.07_0000_50128428.png 1 0 0 0
13333_2021.07_0000_50128435.png 1 0 0 0
13333_2021.07_0000_50128443.png 1 0 0 0
13333_2021.07_0000_50128426.png 1 0 0 0
13333_2021.07_0000_50128439.png 1 0 0 0
13333_2021.07_0000_50128442.png 1 0 0 0
13333_2021.07_0000_50128464.png 1 1 1 0
13333_2021.07_0000_50128467.png 1 1 1 0
13333_2021.07_0000_50128430.png 1 0 0 0
13333_2021.07_0000_50128446.png 1 0 0 0
13333_2021.07_0000_50128434.png 1 0 0 0
13333_2021.07_0000_50128451.png 1 1 1 0
13333_2021.07_0000_50128452.png 1 0 1 0
13333_2021.07_0000_50128455.png 1 1 1 0
13333_2021.07_0000_50128425.png 1 0 0 0
13333_2021.01_0000_41224617.png 1 0 1 0
13333_2021.01_0000_41223967.png 1 0 0 0
13333_2021.01_0000_41224708.png 1 0 1 0
13333_2021.10_0001_53183253.png 1 0 0 0
13333_2021.10_0001_53187988.png 1 1 0 0
13333_2021.10_0001_53188293.png 1 0 0 0
13333_2021.10_0001_53187749.png 1 0 0 0
13333_2021.10_0001_53188056.png 1 0 0 0
13333_2021.10_0001_53188130.png 1 0 0 0
13333_2021.10_0001_53187232.png 1 0 0 0
13333_2021.10_0001_53188094.png 1 0 0 0
13333_2021.10_0001_53187993.png 1 1 0 0
13333_2021.10_0001_53187924.png 1 1 0 0
13333_2021.10_0001_53188058.png 1 0 0 0
13333_2021.10_0001_53187784.png 1 0 0 0
13333_2021.12_0007_57297468.png 1 1 1 1
13333_2021.12_0007_57297457.png 1 1 0 1
13333_2021.12_0007_57297464.png 1 1 1 0
13333_2021.12_0007_57297466.png 0 1 1 1
13333_2021.12_0007_57297475.png 0 1 1 1
13333_2021.12_0007_57297439.png 1 1 0 0
13333_2021.12_0007_57297501.png 0 1 0 0
13333_2021.12_0007_57297526.png 1 1 1 0
13333_2021.12_0007_57297495.png 0 1 0 0
13333_2021.12_0007_57297435.png 1 1 0 0
13333_2021.12_0007_57297470.png 1 1 0 1
13333_2021.12_0007_57297488.png 1 1 0 0
13333_2021.12_0007_57297433.png 1 1 1 0
13333_2021.12_0007_57297503.png 0 1 0 0
13333_2021.12_0007_57297517.png 0 1 0 0
13333_2021.12_0007_57297430.png 1 1 1 0
13333_2021.12_0007_57297499.png 0 1 0 0
13333_2021.12_0007_57297472.png 0 1 0 1
13333_2021.12_0007_57297437.png 1 1 0 0
13333_2021.12_0009_56515469.png 0 1 1 0
13333_2021.12_0009_56515337.png 0 1 1 0
13333_2021.12_0009_56514302.png 1 1 0 0
13333_2021.12_0009_56515464.png 0 1 0 0
13333_2021.12_0009_56515481.png 0 1 1 0
13333_2021.09_0005_52292530.png 1 1 1 0
13333_2021.09_0005_52292405.png 1 1 0 0
13333_2021.09_0005_52292441.png 1 1 0 0
13333_2021.09_0005_52291469.png 1 1 1 0
13333_2021.09_0005_52292521.png 1 1 1 0
13333_2021.08_0007_51345236.png 0 1 1 0
13333_2021.08_0007_51343719.png 1 1 0 0
13333_2021.08_0007_50954012.png 0 1 0 0
13333_2021.08_0007_50951398.png 0 1 1 0
13333_2021.08_0007_51342969.png 0 1 1 0
13333_2021.08_0007_51342960.png 0 1 1 0
13333_2021.08_0007_51345154.png 1 1 0 0
13333_2021.08_0007_51345941.png 0 1 0 0
13333_2021.08_0007_51342942.png 0 1 0 0
13333_2021.08_0007_51345996.png 0 1 0 1
13333_2021.08_0007_50953515.png 0 1 1 0
13333_2021.08_0007_51343714.png 1 1 0 0
13333_2021.08_0007_50952962.png 0 1 0 0
13333_2021.08_0007_51343198.png 1 1 0 0
13333_2021.08_0007_51343717.png 1 1 0 0
13333_2021.08_0007_51342950.png 0 1 1 0
13333_2021.08_0007_50954576.png 0 1 1 0
13333_2021.08_0007_50954371.png 0 1 1 0
13333_2021.08_0007_51342955.png 0 1 0 0
13333_2021.08_0007_50955084.png 0 1 0 0
13333_2021.08_0007_51342964.png 0 1 1 0
13333_2021.08_0007_51343711.png 1 1 0 0
13333_2021.08_0007_51345997.png 0 1 0 1
13333_2021.06_0000_48587447.png 0 1 0 0
13333_2021.06_0000_48586815.png 0 1 0 0
13333_2021.06_0000_48586793.png 0 1 0 0
13333_2021.06_0000_48586851.png 0 1 0 0
13333_2021.07_0001_50072119.png 1 1 1 0
13333_2021.07_0001_50072198.png 1 0 1 0
13333_2021.07_0001_50072470.png 1 0 1 0
13333_2021.07_0001_50072170.png 1 0 1 0
13333_2021.07_0001_50072151.png 1 1 1 0
13333_2021.07_0001_50072802.png 1 0 1 0
13333_2021.07_0001_50072200.png 1 0 1 0
13333_2021.07_0001_50072313.png 1 0 1 0
13333_2021.01_0004_41724422.png 0 0 1 0
13333_2021.03_0002_42874388.png 0 1 1 0
13333_2021.03_0002_42874428.png 1 0 1 0
13333_2021.03_0002_42874632.png 1 0 1 0
13333_2021.03_0002_42874016.png 1 1 1 0
13333_2021.03_0002_42874429.png 1 0 1 0
13333_2021.03_0002_42874326.png 0 1 1 0
13333_2021.03_0002_42874344.png 0 1 1 0
13333_2021.03_0002_42874398.png 0 1 1 0
13333_2021.03_0002_42874327.png 0 1 1 0
13333_2021.04_0003_44800690.png 0 0 1 0
13333_2021.04_0000_44779602.png 0 0 1 0
13333_2021.12_0009_56515487.png 0 0 0 1
13333_2021.09_0002_51747297.png 1 0 1 1
13333_2021.01_0005_41459046.png 0 0 0 1
13333_2021.01_0005_41459076.png 0 0 0 1
13333_2021.01_0005_41459039.png 0 0 0 1
13333_2021.01_0005_41459041.png 0 0 0 1
13333_2021.01_0005_41459000.png 0 0 0 1
13333_2021.01_0005_41459038.png 0 0 0 1
13333_2021.01_0005_41459043.png 0 0 0 1
13333_2021.01_0005_41459066.png 0 0 0 1
13333_2021.01_0005_41459042.png 0 0 1 1
13333_2021.01_0005_41459032.png 0 0 0 1
13333_2021.01_0005_41459035.png 0 0 0 1
13333_2021.06_0000_48586898.png 0 0 0 1
13333_2021.10_0001_53188323.png 0 1 0 1
13333_2021.10_0001_53188324.png 0 1 0 1
