13333_2021.12_0007_57297497.png 1 0 0 0
13333_2021.12_0007_57297486.png 1 0 0 1
13333_2021.12_0007_57297492.png 1 0 0 0
13333_2021.12_0007_57297415.png 1 0 0 0
13333_2021.12_0007_57297468.png 1 1 1 1
13333_2021.12_0007_57297457.png 1 1 0 1
13333_2021.12_0007_57297453.png 1 0 0 0
13333_2021.12_0007_57297464.png 1 1 1 0
13333_2021.12_0007_57297413.png 1 0 0 0
13333_2021.12_0007_57297477.png 1 0 0 1
13333_2021.12_0007_57297426.png 1 0 0 0
13333_2021.12_0007_57297483.png 1 0 0 1
13333_2021.12_0007_57297412.png 1 0 0 0
13333_2021.12_0007_57297444.png 1 0 0 0
13333_2021.12_0007_57297439.png 1 1 0 0
13333_2021.12_0007_57297526.png 1 1 1 0
13333_2021.12_0007_57297435.png 1 1 0 0
13333_2021.12_0007_57297417.png 1 0 0 0
13333_2021.12_0007_57297428.png 1 0 0 0
13333_2021.12_0007_57297448.png 1 0 0 1
13333_2021.12_0007_57297459.png 1 0 0 1
13333_2021.12_0007_57297470.png 1 1 0 1
13333_2021.12_0007_57297510.png 1 0 0 0
13333_2021.12_0007_57297488.png 1 1 0 0
13333_2021.12_0007_57297433.png 1 1 1 0
13333_2021.12_0007_57297512.png 1 0 0 0
13333_2021.12_0007_57297461.png 1 0 0 1
13333_2021.12_0007_57297450.png 1 0 0 1
13333_2021.12_0007_57297424.png 1 0 0 0
13333_2021.12_0007_57297490.png 1 0 0 1
13333_2021.12_0007_57297481.png 1 0 0 1
13333_2021.12_0007_57297430.png 1 1 1 0
13333_2021.12_0007_57297479.png 1 0 0 1
13333_2021.12_0007_57297419.png 1 0 0 0
13333_2021.12_0007_57297422.png 1 0 0 0
13333_2021.12_0007_57297441.png 1 0 0 0
13333_2021.12_0007_57297455.png 1 0 0 1
13333_2021.12_0007_57297437.png 1 1 0 0
13333_2021.07_0000_50128464.png 1 1 1 0
13333_2021.07_0000_50128467.png 1 1 1 0
13333_2021.07_0000_50128451.png 1 1 1 0
13333_2021.07_0000_50128455.png 1 1 1 0
13333_2021.06_0000_48587044.png 0 0 1 0
13333_2021.06_0000_48586752.png 0 0 1 0
13333_2021.06_0000_48586737.png 0 0 1 0
13333_2021.12_0009_56515487.png 0 0 0 1
