13333_2021.01_0003_41332353.png 1 0 0 0
13333_2021.01_0003_41583338.png 1 1 1 0
13333_2021.01_0003_41331736.png 1 1 1 0
13333_2021.01_0003_41583369.png 1 0 1 0
13333_2021.01_0003_41332418.png 1 0 0 0
13333_2021.01_0003_41583134.png 1 0 1 0
13333_2021.07_0001_50072119.png 1 1 1 0
13333_2021.07_0001_50072106.png 1 1 0 0
13333_2021.07_0001_50071486.png 0 1 0 0
13333_2021.07_0001_50071362.png 0 1 0 0
13333_2021.07_0001_50072151.png 1 1 1 0
13333_2021.07_0001_50071336.png 0 1 0 0
13333_2021.07_0001_50072291.png 0 1 0 0
13333_2021.09_0005_52292530.png 1 1 1 0
13333_2021.09_0005_52292442.png 1 0 1 0
13333_2021.09_0005_52291469.png 1 1 1 0
13333_2021.09_0005_52292521.png 1 1 1 0
13333_2021.09_0005_52292695.png 1 0 1 0
13333_2021.09_0005_52292083.png 1 0 1 0
13333_2021.09_0005_52293095.png 1 0 1 0
13333_2021.01_0005_41459046.png 0 0 0 1
13333_2021.01_0005_41459076.png 0 0 0 1
13333_2021.01_0005_41459039.png 0 0 0 1
13333_2021.01_0005_41459041.png 0 0 0 1
13333_2021.01_0005_41459000.png 0 0 0 1
13333_2021.01_0005_41459038.png 0 0 0 1
13333_2021.01_0005_41459043.png 0 0 0 1
13333_2021.01_0005_41459066.png 0 0 0 1
13333_2021.01_0005_41459042.png 0 0 1 1
13333_2021.01_0005_41459032.png 0 0 0 1
13333_2021.01_0005_41459035.png 0 0 0 1
