13333_2021.12_0006_55977222.png 1 1 0 0
13333_2021.12_0006_55977215.png 1 0 0 0
13333_2021.12_0006_55977214.png 1 0 0 0
13333_2021.07_0003_49851443.png 1 0 0 0
13333_2021.07_0003_49851447.png 1 0 0 0
13333_2021.07_0003_49851445.png 1 0 0 0
13333_2021.07_0003_49851370.png 1 0 0 0
13333_2021.07_0003_49851474.png 1 0 0 0
13333_2021.07_0000_50128428.png 1 0 0 0
13333_2021.07_0000_50128435.png 1 0 0 0
13333_2021.07_0000_50128443.png 1 0 0 0
13333_2021.07_0000_50128426.png 1 0 0 0
13333_2021.07_0000_50128439.png 1 0 0 0
13333_2021.07_0000_50128442.png 1 0 0 0
13333_2021.07_0000_50128464.png 1 1 1 0
13333_2021.07_0000_50128467.png 1 1 1 0
13333_2021.07_0000_50128430.png 1 0 0 0
13333_2021.07_0000_50128446.png 1 0 0 0
13333_2021.07_0000_50128434.png 1 0 0 0
13333_2021.07_0000_50128451.png 1 1 1 0
13333_2021.07_0000_50128452.png 1 0 1 0
13333_2021.07_0000_50128455.png 1 1 1 0
13333_2021.07_0000_50128425.png 1 0 0 0
13333_2021.08_0007_51343719.png 1 1 0 0
13333_2021.08_0007_51346424.png 1 0 1 0
13333_2021.08_0007_51346425.png 1 0 0 0
13333_2021.08_0007_51345154.png 1 1 0 0
13333_2021.08_0007_51346427.png 1 0 0 0
13333_2021.08_0007_51343714.png 1 1 0 0
13333_2021.08_0007_51343198.png 1 1 0 0
13333_2021.08_0007_51343717.png 1 1 0 0
13333_2021.08_0007_50953037.png 1 0 0 0
13333_2021.08_0007_51342973.png 1 0 0 0
13333_2021.08_0007_50955126.png 1 0 0 0
13333_2021.08_0007_51343722.png 1 0 0 0
13333_2021.08_0007_51343711.png 1 1 0 0
13333_2021.08_0007_51340501.png 1 0 0 0
13333_2021.01_0005_41459203.png 1 0 0 0
13333_2021.07_0000_50128464.png 1 1 1 0
13333_2021.07_0000_50128467.png 1 1 1 0
13333_2021.07_0000_50128451.png 1 1 1 0
13333_2021.07_0000_50128455.png 1 1 1 0
13333_2021.08_0004_51381902.png 1 1 0 0
13333_2021.08_0004_51380823.png 1 1 0 0
13333_2021.08_0004_51382125.png 1 1 0 0
13333_2021.08_0004_51381618.png 1 1 0 1
13333_2021.08_0004_51381104.png 1 1 0 1
13333_2021.08_0004_51382077.png 0 1 0 0
13333_2021.08_0004_51381711.png 0 1 0 0
13333_2021.08_0004_51380738.png 1 1 0 0
13333_2021.08_0004_51380737.png 1 1 0 0
13333_2021.08_0004_51381317.png 1 1 0 0
13333_2021.08_0004_51381059.png 1 1 1 0
13333_2021.08_0004_51382139.png 1 1 0 0
13333_2021.08_0004_51380821.png 1 1 0 0
13333_2021.08_0004_51380739.png 1 1 0 0
13333_2021.08_0004_51380736.png 1 1 0 0
13333_2021.08_0004_51380820.png 1 1 0 0
13333_2021.08_0004_51381802.png 1 1 0 0
13333_2021.08_0004_51381662.png 0 1 0 0
13333_2021.08_0004_51380741.png 1 1 0 0
13333_2021.01_0004_41724070.png 0 1 0 0
13333_2021.01_0004_41723550.png 0 1 0 0
13333_2021.01_0004_41723783.png 0 1 0 0
13333_2021.01_0004_41723893.png 0 1 0 0
13333_2021.01_0004_41723918.png 0 1 0 0
13333_2021.01_0004_41724033.png 0 1 0 0
13333_2021.01_0004_41724582.png 0 1 0 0
13333_2021.06_0000_48587447.png 0 1 0 0
13333_2021.06_0000_48586815.png 0 1 0 0
13333_2021.06_0000_48586793.png 0 1 0 0
13333_2021.06_0000_48586851.png 0 1 0 0
13333_2021.03_0002_42874388.png 0 1 1 0
13333_2021.03_0002_42874498.png 0 1 0 0
13333_2021.03_0002_42874496.png 0 1 0 0
13333_2021.03_0002_42874601.png 1 1 0 0
13333_2021.03_0002_42874062.png 1 1 0 0
13333_2021.03_0002_42874063.png 0 1 0 0
13333_2021.03_0002_42874087.png 1 1 0 0
13333_2021.03_0002_42874284.png 0 1 0 0
13333_2021.03_0002_42874016.png 1 1 1 0
13333_2021.03_0002_42874073.png 1 1 0 0
13333_2021.03_0002_42874571.png 0 1 0 0
13333_2021.03_0002_42874112.png 0 1 0 0
13333_2021.03_0002_42874082.png 0 1 0 0
13333_2021.03_0002_42874022.png 0 1 0 0
13333_2021.03_0002_42874298.png 0 1 0 0
13333_2021.03_0002_42874342.png 0 1 0 0
13333_2021.03_0002_42874297.png 0 1 0 0
13333_2021.03_0002_42874572.png 0 1 0 0
13333_2021.03_0002_42874558.png 0 1 0 0
13333_2021.03_0002_42874544.png 0 1 0 0
13333_2021.03_0002_42874326.png 0 1 1 0
13333_2021.03_0002_42874503.png 0 1 0 0
13333_2021.03_0002_42874461.png 0 1 0 0
13333_2021.03_0002_42874344.png 0 1 1 0
13333_2021.03_0002_42874028.png 1 1 0 0
13333_2021.03_0002_42874398.png 0 1 1 0
13333_2021.03_0002_42874173.png 1 1 0 0
13333_2021.03_0002_42874611.png 0 1 0 0
13333_2021.03_0002_42874287.png 0 1 0 0
13333_2021.03_0002_42874502.png 0 1 0 0
13333_2021.03_0002_42874504.png 0 1 0 0
13333_2021.03_0002_42874327.png 0 1 1 0
13333_2021.03_0002_42874568.png 0 1 0 0
13333_2021.03_0002_42874501.png 0 1 0 0
13333_2021.09_0002_51747301.png 1 1 1 0
13333_2021.09_0002_51747297.png 1 0 1 1
13333_2021.09_0002_51747299.png 1 0 1 0
13333_2021.09_0002_51747298.png 0 1 1 0
13333_2021.09_0004_52719674.png 0 0 1 0
13333_2021.09_0004_52719508.png 0 0 1 0
13333_2021.09_0004_52719617.png 0 0 1 0
13333_2021.09_0004_52720500.png 0 0 1 0
13333_2021.08_0007_51346048.png 0 0 1 1
13333_2021.08_0007_51345236.png 0 1 1 0
13333_2021.08_0007_50950824.png 0 0 1 1
13333_2021.08_0007_51346424.png 1 0 1 0
13333_2021.08_0007_50955025.png 0 0 1 0
13333_2021.08_0007_50951398.png 0 1 1 0
13333_2021.08_0007_51346049.png 0 0 1 1
13333_2021.08_0007_50953156.png 0 0 1 0
13333_2021.08_0007_51342969.png 0 1 1 0
13333_2021.08_0007_51342960.png 0 1 1 0
13333_2021.08_0007_50953340.png 0 0 1 0
13333_2021.08_0007_51346052.png 0 0 1 1
13333_2021.08_0007_50951400.png 0 0 1 0
13333_2021.08_0007_51346099.png 0 0 1 1
13333_2021.08_0007_51342586.png 0 0 1 0
13333_2021.08_0007_50953537.png 0 0 1 0
13333_2021.08_0007_51342947.png 0 0 1 0
13333_2021.08_0007_50950777.png 0 0 1 0
13333_2021.08_0007_51341839.png 0 0 1 0
13333_2021.08_0007_50953118.png 0 0 1 0
13333_2021.08_0007_51343297.png 0 0 1 0
13333_2021.08_0007_50953515.png 0 1 1 0
13333_2021.08_0007_51344971.png 0 0 1 0
13333_2021.08_0007_51342929.png 0 0 1 0
13333_2021.08_0007_50953344.png 0 0 1 0
13333_2021.08_0007_51345153.png 0 0 1 0
13333_2021.08_0007_51341842.png 0 0 1 0
13333_2021.08_0007_51341880.png 0 0 1 0
13333_2021.08_0007_50955028.png 0 0 1 0
13333_2021.08_0007_50953469.png 0 0 1 0
13333_2021.08_0007_51342950.png 0 1 1 0
13333_2021.08_0007_50954576.png 0 1 1 0
13333_2021.08_0007_51342211.png 0 0 1 0
13333_2021.08_0007_50954371.png 0 1 1 0
13333_2021.08_0007_51341619.png 0 0 1 0
13333_2021.08_0007_50951396.png 0 0 1 0
13333_2021.08_0007_51343705.png 0 0 1 0
13333_2021.08_0007_50955104.png 0 0 1 0
13333_2021.08_0007_51342924.png 0 0 1 0
13333_2021.08_0007_51341580.png 0 0 1 0
13333_2021.08_0007_51342964.png 0 1 1 0
13333_2021.08_0007_51343709.png 0 0 1 0
13333_2021.08_0007_51343398.png 0 0 1 0
13333_2021.01_0004_41724422.png 0 0 1 0
13333_2021.04_0000_44779602.png 0 0 1 0
13333_2021.11_0002_54971866.png 1 0 0 1
13333_2021.12_0009_56515487.png 0 0 0 1
13333_2021.08_0007_51346048.png 0 0 1 1
13333_2021.08_0007_50950824.png 0 0 1 1
13333_2021.08_0007_51346049.png 0 0 1 1
13333_2021.08_0007_51346052.png 0 0 1 1
13333_2021.08_0007_51345995.png 0 0 0 1
13333_2021.08_0007_51346099.png 0 0 1 1
13333_2021.08_0007_51346335.png 0 0 0 1
13333_2021.08_0007_51345996.png 0 1 0 1
13333_2021.08_0007_51345994.png 0 0 0 1
13333_2021.08_0007_51345997.png 0 1 0 1
13333_2021.06_0000_48586898.png 0 0 0 1
13333_2021.10_0001_53188323.png 0 1 0 1
13333_2021.10_0001_53188324.png 0 1 0 1
