13333_2021.11_0002_54971866.png 1 0 0 1
13333_2021.12_0009_56514302.png 1 1 0 0
13333_2021.07_0001_50072119.png 1 1 1 0
13333_2021.07_0001_50072106.png 1 1 0 0
13333_2021.07_0001_50072198.png 1 0 1 0
13333_2021.07_0001_50072470.png 1 0 1 0
13333_2021.07_0001_50072170.png 1 0 1 0
13333_2021.07_0001_50072151.png 1 1 1 0
13333_2021.07_0001_50072114.png 1 0 0 0
13333_2021.07_0001_50072802.png 1 0 1 0
13333_2021.07_0001_50072200.png 1 0 1 0
13333_2021.07_0001_50072313.png 1 0 1 0
13333_2021.09_0003_51743351.png 1 0 0 0
13333_2021.09_0003_51743353.png 1 1 0 0
13333_2021.09_0003_51743225.png 1 0 0 0
13333_2021.08_0004_51381902.png 1 1 0 0
13333_2021.08_0004_51380823.png 1 1 0 0
13333_2021.08_0004_51382125.png 1 1 0 0
13333_2021.08_0004_51381618.png 1 1 0 1
13333_2021.08_0004_51381104.png 1 1 0 1
13333_2021.08_0004_51380738.png 1 1 0 0
13333_2021.08_0004_51380737.png 1 1 0 0
13333_2021.08_0004_51381317.png 1 1 0 0
13333_2021.08_0004_51381059.png 1 1 1 0
13333_2021.08_0004_51382139.png 1 1 0 0
13333_2021.08_0004_51380821.png 1 1 0 0
13333_2021.08_0004_51380739.png 1 1 0 0
13333_2021.08_0004_51380736.png 1 1 0 0
13333_2021.08_0004_51380820.png 1 1 0 0
13333_2021.08_0004_51381802.png 1 1 0 0
13333_2021.08_0004_51380741.png 1 1 0 0
13333_2021.01_0003_41332353.png 1 0 0 0
13333_2021.01_0003_41583338.png 1 1 1 0
13333_2021.01_0003_41331736.png 1 1 1 0
13333_2021.01_0003_41583369.png 1 0 1 0
13333_2021.01_0003_41332418.png 1 0 0 0
13333_2021.01_0003_41583134.png 1 0 1 0
13333_2021.01_0000_41224617.png 1 0 1 0
13333_2021.01_0000_41223967.png 1 0 0 0
13333_2021.01_0000_41224708.png 1 0 1 0
13333_2021.01_0005_41459203.png 1 0 0 0
13333_2021.03_0002_42874428.png 1 0 1 0
13333_2021.03_0002_42874780.png 1 0 0 0
13333_2021.03_0002_42874618.png 1 0 0 0
13333_2021.03_0002_42874645.png 1 0 0 0
13333_2021.03_0002_42874601.png 1 1 0 0
13333_2021.03_0002_42874062.png 1 1 0 0
13333_2021.03_0002_42874632.png 1 0 1 0
13333_2021.03_0002_42874087.png 1 1 0 0
13333_2021.03_0002_42874016.png 1 1 1 0
13333_2021.03_0002_42874073.png 1 1 0 0
13333_2021.03_0002_42874429.png 1 0 1 0
13333_2021.03_0002_42874591.png 1 0 0 0
13333_2021.03_0002_42874729.png 1 0 0 0
13333_2021.03_0002_42874028.png 1 1 0 0
13333_2021.03_0002_42874634.png 1 0 0 0
13333_2021.03_0002_42874173.png 1 1 0 0
13333_2021.03_0002_42874631.png 1 0 0 0
13333_2021.03_0002_42874665.png 1 0 0 0
13333_2021.03_0002_42874650.png 1 0 0 0
13333_2021.04_0000_44779395.png 1 0 0 0
13333_2021.04_0000_44779422.png 1 0 0 0
13333_2021.04_0000_44779320.png 1 0 0 0
13333_2021.04_0000_44777725.png 1 0 0 0
13333_2021.04_0000_44777751.png 1 0 0 0
13333_2021.04_0000_44779319.png 1 0 0 0
13333_2021.12_0007_57297468.png 1 1 1 1
13333_2021.12_0007_57297457.png 1 1 0 1
13333_2021.12_0007_57297464.png 1 1 1 0
13333_2021.12_0007_57297466.png 0 1 1 1
13333_2021.12_0007_57297475.png 0 1 1 1
13333_2021.12_0007_57297439.png 1 1 0 0
13333_2021.12_0007_57297501.png 0 1 0 0
13333_2021.12_0007_57297526.png 1 1 1 0
13333_2021.12_0007_57297495.png 0 1 0 0
13333_2021.12_0007_57297435.png 1 1 0 0
13333_2021.12_0007_57297470.png 1 1 0 1
13333_2021.12_0007_57297488.png 1 1 0 0
13333_2021.12_0007_57297433.png 1 1 1 0
13333_2021.12_0007_57297503.png 0 1 0 0
13333_2021.12_0007_57297517.png 0 1 0 0
13333_2021.12_0007_57297430.png 1 1 1 0
13333_2021.12_0007_57297499.png 0 1 0 0
13333_2021.12_0007_57297472.png 0 1 0 1
13333_2021.12_0007_57297437.png 1 1 0 0
13333_2021.12_0006_55977222.png 1 1 0 0
13333_2021.12_0006_55977210.png 0 1 0 0
13333_2021.12_0006_55977223.png 0 1 0 0
13333_2021.12_0006_55977207.png 0 1 0 0
13333_2021.12_0006_55977220.png 0 1 0 0
13333_2021.12_0006_55977219.png 0 1 0 0
13333_2021.12_0006_55977217.png 0 1 0 0
13333_2021.12_0006_55977221.png 0 1 0 0
13333_2021.12_0006_55977211.png 0 1 0 0
13333_2021.12_0006_55977205.png 0 1 0 0
13333_2021.07_0000_50128464.png 1 1 1 0
13333_2021.07_0000_50128467.png 1 1 1 0
13333_2021.07_0000_50128451.png 1 1 1 0
13333_2021.07_0000_50128455.png 1 1 1 0
13333_2021.09_0002_51747303.png 1 1 0 0
13333_2021.09_0002_51747301.png 1 1 1 0
13333_2021.09_0002_51747300.png 1 1 0 0
13333_2021.09_0002_51747298.png 0 1 1 0
13333_2021.09_0002_51747302.png 1 1 0 0
13333_2021.09_0001_51689916.png 1 1 0 0
13333_2021.09_0001_51689914.png 0 1 1 0
13333_2021.09_0001_51689915.png 0 1 0 0
13333_2021.09_0005_52292530.png 1 1 1 0
13333_2021.09_0005_52292405.png 1 1 0 0
13333_2021.09_0005_52292441.png 1 1 0 0
13333_2021.09_0005_52291469.png 1 1 1 0
13333_2021.09_0005_52292521.png 1 1 1 0
13333_2021.08_0007_51345236.png 0 1 1 0
13333_2021.08_0007_51343719.png 1 1 0 0
13333_2021.08_0007_50954012.png 0 1 0 0
13333_2021.08_0007_50951398.png 0 1 1 0
13333_2021.08_0007_51342969.png 0 1 1 0
13333_2021.08_0007_51342960.png 0 1 1 0
13333_2021.08_0007_51345154.png 1 1 0 0
13333_2021.08_0007_51345941.png 0 1 0 0
13333_2021.08_0007_51342942.png 0 1 0 0
13333_2021.08_0007_51345996.png 0 1 0 1
13333_2021.08_0007_50953515.png 0 1 1 0
13333_2021.08_0007_51343714.png 1 1 0 0
13333_2021.08_0007_50952962.png 0 1 0 0
13333_2021.08_0007_51343198.png 1 1 0 0
13333_2021.08_0007_51343717.png 1 1 0 0
13333_2021.08_0007_51342950.png 0 1 1 0
13333_2021.08_0007_50954576.png 0 1 1 0
13333_2021.08_0007_50954371.png 0 1 1 0
13333_2021.08_0007_51342955.png 0 1 0 0
13333_2021.08_0007_50955084.png 0 1 0 0
13333_2021.08_0007_51342964.png 0 1 1 0
13333_2021.08_0007_51343711.png 1 1 0 0
13333_2021.08_0007_51345997.png 0 1 0 1
13333_2021.01_0003_41583338.png 1 1 1 0
13333_2021.01_0003_41331736.png 1 1 1 0
13333_2021.01_0003_41332452.png 0 1 0 0
13333_2021.01_0003_41332454.png 0 1 0 0
13333_2021.01_0003_41583112.png 0 1 0 0
13333_2021.01_0003_41583339.png 0 1 1 0
13333_2021.01_0003_41583135.png 0 1 0 0
13333_2021.01_0003_41332459.png 0 1 0 0
13333_2021.01_0003_41332451.png 0 1 1 0
13333_2021.01_0000_41224567.png 0 1 1 0
13333_2021.01_0000_41225642.png 0 1 0 0
13333_2021.01_0000_41224354.png 0 1 0 0
13333_2021.01_0000_41224069.png 0 1 0 0
13333_2021.01_0000_41225574.png 0 1 1 0
13333_2021.01_0000_41224861.png 0 1 1 0
13333_2021.01_0000_41224367.png 0 1 0 0
13333_2021.03_0002_42874388.png 0 1 1 0
13333_2021.03_0002_42874498.png 0 1 0 0
13333_2021.03_0002_42874496.png 0 1 0 0
13333_2021.03_0002_42874601.png 1 1 0 0
13333_2021.03_0002_42874062.png 1 1 0 0
13333_2021.03_0002_42874063.png 0 1 0 0
13333_2021.03_0002_42874087.png 1 1 0 0
13333_2021.03_0002_42874284.png 0 1 0 0
13333_2021.03_0002_42874016.png 1 1 1 0
13333_2021.03_0002_42874073.png 1 1 0 0
13333_2021.03_0002_42874571.png 0 1 0 0
13333_2021.03_0002_42874112.png 0 1 0 0
13333_2021.03_0002_42874082.png 0 1 0 0
13333_2021.03_0002_42874022.png 0 1 0 0
13333_2021.03_0002_42874298.png 0 1 0 0
13333_2021.03_0002_42874342.png 0 1 0 0
13333_2021.03_0002_42874297.png 0 1 0 0
13333_2021.03_0002_42874572.png 0 1 0 0
13333_2021.03_0002_42874558.png 0 1 0 0
13333_2021.03_0002_42874544.png 0 1 0 0
13333_2021.03_0002_42874326.png 0 1 1 0
13333_2021.03_0002_42874503.png 0 1 0 0
13333_2021.03_0002_42874461.png 0 1 0 0
13333_2021.03_0002_42874344.png 0 1 1 0
13333_2021.03_0002_42874028.png 1 1 0 0
13333_2021.03_0002_42874398.png 0 1 1 0
13333_2021.03_0002_42874173.png 1 1 0 0
13333_2021.03_0002_42874611.png 0 1 0 0
13333_2021.03_0002_42874287.png 0 1 0 0
13333_2021.03_0002_42874502.png 0 1 0 0
13333_2021.03_0002_42874504.png 0 1 0 0
13333_2021.03_0002_42874327.png 0 1 1 0
13333_2021.03_0002_42874568.png 0 1 0 0
13333_2021.03_0002_42874501.png 0 1 0 0
13333_2021.11_0002_54971654.png 0 0 1 0
13333_2021.11_0002_54970660.png 0 0 1 0
13333_2021.11_0002_54971664.png 0 0 1 0
13333_2021.11_0002_54971837.png 0 0 1 0
13333_2021.07_0000_50128464.png 1 1 1 0
13333_2021.07_0000_50128467.png 1 1 1 0
13333_2021.07_0000_50128451.png 1 1 1 0
13333_2021.07_0000_50128452.png 1 0 1 0
13333_2021.07_0000_50128455.png 1 1 1 0
13333_2021.09_0001_51688686.png 0 0 1 1
13333_2021.09_0001_51688679.png 0 0 1 1
13333_2021.09_0001_51689177.png 0 0 1 0
13333_2021.09_0001_51688677.png 0 0 1 1
13333_2021.09_0001_51688676.png 0 0 1 1
13333_2021.09_0001_51688684.png 0 0 1 1
13333_2021.09_0001_51688586.png 1 0 1 0
13333_2021.09_0001_51689919.png 1 0 1 0
13333_2021.09_0001_51688678.png 0 0 1 1
13333_2021.09_0001_51689914.png 0 1 1 0
13333_2021.09_0001_51689178.png 0 0 1 0
13333_2021.09_0001_51688687.png 0 0 1 1
13333_2021.09_0001_51688583.png 1 0 1 0
13333_2021.09_0001_51688688.png 0 0 1 1
13333_2021.09_0001_51688681.png 0 0 1 1
13333_2021.09_0001_51688675.png 0 0 1 1
13333_2021.09_0001_51689167.png 1 0 1 0
13333_2021.09_0001_51688683.png 0 0 1 1
13333_2021.08_0004_51381059.png 1 1 1 0
13333_2021.01_0004_41724422.png 0 0 1 0
13333_2021.01_0000_41224567.png 0 1 1 0
13333_2021.01_0000_41224617.png 1 0 1 0
13333_2021.01_0000_41224395.png 0 0 1 0
13333_2021.01_0000_41225574.png 0 1 1 0
13333_2021.01_0000_41224708.png 1 0 1 0
13333_2021.01_0000_41224861.png 0 1 1 0
13333_2021.01_0000_41224097.png 0 0 1 0
13333_2021.01_0005_41459042.png 0 0 1 1
13333_2021.03_0002_42874388.png 0 1 1 0
13333_2021.03_0002_42874428.png 1 0 1 0
13333_2021.03_0002_42874632.png 1 0 1 0
13333_2021.03_0002_42874016.png 1 1 1 0
13333_2021.03_0002_42874429.png 1 0 1 0
13333_2021.03_0002_42874326.png 0 1 1 0
13333_2021.03_0002_42874344.png 0 1 1 0
13333_2021.03_0002_42874398.png 0 1 1 0
13333_2021.03_0002_42874327.png 0 1 1 0
13333_2021.04_0003_44800690.png 0 0 1 0
13333_2021.04_0000_44779602.png 0 0 1 0
13333_2021.11_0002_54971866.png 1 0 0 1
13333_2021.12_0007_57297486.png 1 0 0 1
13333_2021.12_0007_57297468.png 1 1 1 1
13333_2021.12_0007_57297457.png 1 1 0 1
13333_2021.12_0007_57297477.png 1 0 0 1
13333_2021.12_0007_57297466.png 0 1 1 1
13333_2021.12_0007_57297475.png 0 1 1 1
13333_2021.12_0007_57297483.png 1 0 0 1
13333_2021.12_0007_57297448.png 1 0 0 1
13333_2021.12_0007_57297459.png 1 0 0 1
13333_2021.12_0007_57297470.png 1 1 0 1
13333_2021.12_0007_57297461.png 1 0 0 1
13333_2021.12_0007_57297450.png 1 0 0 1
13333_2021.12_0007_57297490.png 1 0 0 1
13333_2021.12_0007_57297481.png 1 0 0 1
13333_2021.12_0007_57297479.png 1 0 0 1
13333_2021.12_0007_57297455.png 1 0 0 1
13333_2021.12_0007_57297472.png 0 1 0 1
13333_2021.12_0009_56515487.png 0 0 0 1
13333_2021.09_0002_51747297.png 1 0 1 1
13333_2021.09_0001_51688951.png 1 0 0 1
13333_2021.09_0001_51688686.png 0 0 1 1
13333_2021.09_0001_51688679.png 0 0 1 1
13333_2021.09_0001_51688680.png 0 0 0 1
13333_2021.09_0001_51688677.png 0 0 1 1
13333_2021.09_0001_51688953.png 1 0 0 1
13333_2021.09_0001_51689179.png 1 0 0 1
13333_2021.09_0001_51688957.png 1 0 0 1
13333_2021.09_0001_51688927.png 0 0 0 1
13333_2021.09_0001_51689688.png 1 0 0 1
13333_2021.09_0001_51689649.png 1 0 0 1
13333_2021.09_0001_51688919.png 0 0 0 1
13333_2021.09_0001_51688961.png 0 0 0 1
13333_2021.09_0001_51688676.png 0 0 1 1
13333_2021.09_0001_51688920.png 0 0 0 1
13333_2021.09_0001_51688913.png 0 0 0 1
13333_2021.09_0001_51688916.png 0 0 0 1
13333_2021.09_0001_51689673.png 1 0 0 1
13333_2021.09_0001_51688684.png 0 0 1 1
13333_2021.09_0001_51688929.png 0 0 0 1
13333_2021.09_0001_51688673.png 0 0 0 1
13333_2021.09_0001_51688917.png 0 0 0 1
13333_2021.09_0001_51688685.png 0 0 0 1
13333_2021.09_0001_51689646.png 1 0 0 1
13333_2021.09_0001_51688926.png 0 0 0 1
13333_2021.09_0001_51688921.png 0 0 0 1
13333_2021.09_0001_51688678.png 0 0 1 1
13333_2021.09_0001_51688933.png 1 0 0 1
13333_2021.09_0001_51688934.png 0 0 0 1
13333_2021.09_0001_51688930.png 0 0 0 1
13333_2021.09_0001_51688928.png 0 0 0 1
13333_2021.09_0001_51688931.png 1 0 0 1
13333_2021.09_0001_51688936.png 1 0 0 1
13333_2021.09_0001_51688954.png 1 0 0 1
13333_2021.09_0001_51688952.png 1 0 0 1
13333_2021.09_0001_51688937.png 1 0 0 1
13333_2021.09_0001_51688670.png 0 0 0 1
13333_2021.09_0001_51688932.png 1 0 0 1
13333_2021.09_0001_51688674.png 0 0 0 1
13333_2021.09_0001_51688918.png 0 0 0 1
13333_2021.09_0001_51688881.png 0 0 0 1
13333_2021.09_0001_51688935.png 1 0 0 1
13333_2021.09_0001_51688956.png 1 0 0 1
13333_2021.09_0001_51688958.png 1 0 0 1
13333_2021.09_0001_51688687.png 0 0 1 1
13333_2021.09_0001_51688682.png 0 0 0 1
13333_2021.09_0001_51688949.png 1 0 0 1
13333_2021.09_0001_51688950.png 1 0 0 1
13333_2021.09_0001_51688959.png 1 0 0 1
13333_2021.09_0001_51689658.png 1 0 0 1
13333_2021.09_0001_51688672.png 0 0 0 1
13333_2021.09_0001_51688688.png 0 0 1 1
13333_2021.09_0001_51688681.png 0 0 1 1
13333_2021.09_0001_51688948.png 1 0 0 1
13333_2021.09_0001_51688675.png 0 0 1 1
13333_2021.09_0001_51688923.png 0 0 0 1
13333_2021.09_0001_51688924.png 0 0 0 1
13333_2021.09_0001_51689912.png 0 0 0 1
13333_2021.09_0001_51688925.png 0 0 0 1
13333_2021.09_0001_51688955.png 1 0 0 1
13333_2021.09_0001_51688669.png 0 0 0 1
13333_2021.09_0001_51688683.png 0 0 1 1
13333_2021.08_0007_51346048.png 0 0 1 1
13333_2021.08_0007_50950824.png 0 0 1 1
13333_2021.08_0007_51346049.png 0 0 1 1
13333_2021.08_0007_51346052.png 0 0 1 1
13333_2021.08_0007_51345995.png 0 0 0 1
13333_2021.08_0007_51346099.png 0 0 1 1
13333_2021.08_0007_51346335.png 0 0 0 1
13333_2021.08_0007_51345996.png 0 1 0 1
13333_2021.08_0007_51345994.png 0 0 0 1
13333_2021.08_0007_51345997.png 0 1 0 1
13333_2021.08_0004_51381618.png 1 1 0 1
13333_2021.08_0004_51381104.png 1 1 0 1
13333_2021.01_0005_41459046.png 0 0 0 1
13333_2021.01_0005_41459076.png 0 0 0 1
13333_2021.01_0005_41459039.png 0 0 0 1
13333_2021.01_0005_41459041.png 0 0 0 1
13333_2021.01_0005_41459000.png 0 0 0 1
13333_2021.01_0005_41459038.png 0 0 0 1
13333_2021.01_0005_41459043.png 0 0 0 1
13333_2021.01_0005_41459066.png 0 0 0 1
13333_2021.01_0005_41459042.png 0 0 1 1
13333_2021.01_0005_41459032.png 0 0 0 1
13333_2021.01_0005_41459035.png 0 0 0 1
13333_2021.06_0000_48586898.png 0 0 0 1
13333_2021.10_0001_53188323.png 0 1 0 1
13333_2021.10_0001_53188324.png 0 1 0 1
